18632 -16.0, 0.0, -55.0
18633 -16.0, 0.0, -55.0
18634 -16.0, 0.0, -55.0
18635 -16.0, 0.0, -55.0
18636 -16.0, 0.0, -55.0
18637 -16.0, 0.0, -55.0
18638 -16.0, 0.0, -55.0
18639 -16.0, 0.0, -55.0
18640 -16.0, 0.0, -55.0
18975 -16.0, 0.0, -55.0
19136 -16.0, 0.0, -55.0
19274 -16.0, 0.0, -55.0
18641 -16.0, 0.0, -55.0
18642 -16.0, 0.0, -55.0
18643 -16.0, 0.0, -55.0
19080 -16.0, 0.0, -55.0
19081 -16.0, 0.0, -55.0
19082 -16.0, 0.0, -55.0
19083 -16.0, 0.0, -55.0
19084 -16.0, 0.0, -55.0
18644 -16.0, 0.0, -55.0
18645 -16.0, 0.0, -55.0
18865 -16.0, 0.0, -55.0
18866 -16.0, 0.0, -55.0
18867 -16.0, 0.0, -55.0
18868 -16.0, 0.0, -55.0
18869 -16.0, 0.0, -55.0
18870 -16.0, 0.0, -55.0
18871 -16.0, 0.0, -55.0
18872 -16.0, 0.0, -55.0
18873 -16.0, 0.0, -55.0
18874 -16.0, 0.0, -55.0
18875 -16.0, 0.0, -55.0
18890 -16.0, 0.0, -55.0
18891 -16.0, 0.0, -55.0
18892 -16.0, 0.0, -55.0
18893 -16.0, 0.0, -55.0
18894 -16.0, 0.0, -55.0
18895 -16.0, 0.0, -55.0
18896 -16.0, 0.0, -55.0
18897 -16.0, 0.0, -55.0
18898 -16.0, 0.0, -55.0
18899 -16.0, 0.0, -55.0
18900 -16.0, 0.0, -55.0
18901 -16.0, 0.0, -55.0
18902 -16.0, 0.0, -55.0
18903 -16.0, 0.0, -55.0
18904 -16.0, 0.0, -55.0
18905 -16.0, 0.0, -55.0
18906 -16.0, 0.0, -55.0
18907 -16.0, 0.0, -55.0
18908 -16.0, 0.0, -55.0
18909 -16.0, 0.0, -55.0
18910 -16.0, 0.0, -55.0
18911 -16.0, 0.0, -55.0
18912 -16.0, 0.0, -55.0
18913 -16.0, 0.0, -55.0
18914 -16.0, 0.0, -55.0
18915 -16.0, 0.0, -55.0
18916 -16.0, 0.0, -55.0
18917 -16.0, 0.0, -55.0
18918 -16.0, 0.0, -55.0
18919 -16.0, 0.0, -55.0
18920 -16.0, 0.0, -55.0
18921 -16.0, 0.0, -55.0
18922 -16.0, 0.0, -55.0
18923 -16.0, 0.0, -55.0
18924 -16.0, 0.0, -55.0
18925 -16.0, 0.0, -55.0
18926 -16.0, 0.0, -55.0
18927 -16.0, 0.0, -55.0
18928 -16.0, 0.0, -55.0
18929 -16.0, 0.0, -55.0
18930 -16.0, 0.0, -55.0
18931 -16.0, 0.0, -55.0
18932 -16.0, 0.0, -55.0
18933 -16.0, 0.0, -55.0
18934 -16.0, 0.0, -55.0
18935 -16.0, 0.0, -55.0
18936 -16.0, 0.0, -55.0
18937 -16.0, 0.0, -55.0
18938 -16.0, 0.0, -55.0
18939 -16.0, 0.0, -55.0
18940 -16.0, 0.0, -55.0
18941 -16.0, 0.0, -55.0
18942 -16.0, 0.0, -55.0
18943 -16.0, 0.0, -55.0
18944 -16.0, 0.0, -55.0
18945 -16.0, 0.0, -55.0
18946 -16.0, 0.0, -55.0
18947 -16.0, 0.0, -55.0
18948 -16.0, 0.0, -55.0
18949 -16.0, 0.0, -55.0
18950 -16.0, 0.0, -55.0
18951 -16.0, 0.0, -55.0
18952 -16.0, 0.0, -55.0
18953 -16.0, 0.0, -55.0
18954 -16.0, 0.0, -55.0
18955 -16.0, 0.0, -55.0
18956 -16.0, 0.0, -55.0
18957 -16.0, 0.0, -55.0
18958 -16.0, 0.0, -55.0
18959 -16.0, 0.0, -55.0
18960 -16.0, 0.0, -55.0
18961 -16.0, 0.0, -55.0
18962 -16.0, 0.0, -55.0
18963 -16.0, 0.0, -55.0
18964 -16.0, 0.0, -55.0
18965 -16.0, 0.0, -55.0
18966 -16.0, 0.0, -55.0
18967 -16.0, 0.0, -55.0
18968 -16.0, 0.0, -55.0
18969 -16.0, 0.0, -55.0
18970 -16.0, 0.0, -55.0
18971 -16.0, 0.0, -55.0
18972 -16.0, 0.0, -55.0
18973 -16.0, 0.0, -55.0
18974 -16.0, 0.0, -55.0
18976 -16.0, 0.0, -55.0
18977 -16.0, 0.0, -55.0
18978 -16.0, 0.0, -55.0
18979 -16.0, 0.0, -55.0
19006 -16.0, 0.0, -55.0
19007 -16.0, 0.0, -55.0
19008 -16.0, 0.0, -55.0
19009 -16.0, 0.0, -55.0
19010 -16.0, 0.0, -55.0
19011 -16.0, 0.0, -55.0
19012 -16.0, 0.0, -55.0
19013 -16.0, 0.0, -55.0
19014 -16.0, 0.0, -55.0
19015 -16.0, 0.0, -55.0
19016 -16.0, 0.0, -55.0
19017 -16.0, 0.0, -55.0
19018 -16.0, 0.0, -55.0
19019 -16.0, 0.0, -55.0
19020 -16.0, 0.0, -55.0
19021 -16.0, 0.0, -55.0
19022 -16.0, 0.0, -55.0
19023 -16.0, 0.0, -55.0
19024 -16.0, 0.0, -55.0
19025 -16.0, 0.0, -55.0
19026 -16.0, 0.0, -55.0
19027 -16.0, 0.0, -55.0
19028 -16.0, 0.0, -55.0
19029 -16.0, 0.0, -55.0
19030 -16.0, 0.0, -55.0
19031 -16.0, 0.0, -55.0
19032 -16.0, 0.0, -55.0
19033 -16.0, 0.0, -55.0
19034 -16.0, 0.0, -55.0
19035 -16.0, 0.0, -55.0
19036 -16.0, 0.0, -55.0
19037 -16.0, 0.0, -55.0
19038 -16.0, 0.0, -55.0
19039 -16.0, 0.0, -55.0
19040 -16.0, 0.0, -55.0
19041 -16.0, 0.0, -55.0
19042 -16.0, 0.0, -55.0
19043 -16.0, 0.0, -55.0
19044 -16.0, 0.0, -55.0
19045 -16.0, 0.0, -55.0
19046 -16.0, 0.0, -55.0
19047 -16.0, 0.0, -55.0
19048 -16.0, 0.0, -55.0
19049 -16.0, 0.0, -55.0
19050 -16.0, 0.0, -55.0
19051 -16.0, 0.0, -55.0
19052 -16.0, 0.0, -55.0
19053 -16.0, 0.0, -55.0
19085 -16.0, 0.0, -55.0
19086 -16.0, 0.0, -55.0
19090 -16.0, 0.0, -55.0
19091 -16.0, 0.0, -55.0
19092 -16.0, 0.0, -55.0
19093 -16.0, 0.0, -55.0
19094 -16.0, 0.0, -55.0
19095 -16.0, 0.0, -55.0
19096 -16.0, 0.0, -55.0
19097 -16.0, 0.0, -55.0
19098 -16.0, 0.0, -55.0
19099 -16.0, 0.0, -55.0
19100 -16.0, 0.0, -55.0
19101 -16.0, 0.0, -55.0
19102 -16.0, 0.0, -55.0
19103 -16.0, 0.0, -55.0
19104 -16.0, 0.0, -55.0
19105 -16.0, 0.0, -55.0
19106 -16.0, 0.0, -55.0
19107 -16.0, 0.0, -55.0
19108 -16.0, 0.0, -55.0
19109 -16.0, 0.0, -55.0
19110 -16.0, 0.0, -55.0
19111 -16.0, 0.0, -55.0
19112 -16.0, 0.0, -55.0
19113 -16.0, 0.0, -55.0
19114 -16.0, 0.0, -55.0
19115 -16.0, 0.0, -55.0
19116 -16.0, 0.0, -55.0
19117 -16.0, 0.0, -55.0
19118 -16.0, 0.0, -55.0
19119 -16.0, 0.0, -55.0
19120 -16.0, 0.0, -55.0
19137 -16.0, 0.0, -55.0
19138 -16.0, 0.0, -55.0
19139 -16.0, 0.0, -55.0
19140 -16.0, 0.0, -55.0
19141 -16.0, 0.0, -55.0
19142 -16.0, 0.0, -55.0
19160 -16.0, 0.0, -55.0
19161 -16.0, 0.0, -55.0
19162 -16.0, 0.0, -55.0
19163 -16.0, 0.0, -55.0
19317 -16.0, 0.0, -55.0
19318 -16.0, 0.0, -55.0
19319 -16.0, 0.0, -55.0
19330 -16.0, 0.0, -55.0
19331 -16.0, 0.0, -55.0
19346 -16.0, 0.0, -55.0
19347 -16.0, 0.0, -55.0
19348 -16.0, 0.0, -55.0
19349 -16.0, 0.0, -55.0
19350 -16.0, 0.0, -55.0
19351 -16.0, 0.0, -55.0
19352 -16.0, 0.0, -55.0
19487 -16.0, 0.0, -55.0
19488 -16.0, 0.0, -55.0
19513 -16.0, 0.0, -55.0
19515 -16.0, 0.0, -55.0