400 -16.0, 0.0, -55.0
401 -16.0, 0.0, -55.0
402 -16.0, 0.0, -55.0
403 -16.0, 0.0, -55.0
404 -16.0, 0.0, -55.0
405 -16.0, 0.0, -55.0
406 -16.0, 0.0, -55.0
407 -16.0, 0.0, -55.0
408 -16.0, 0.0, -55.0
409 -16.0, 0.0, -55.0
410 -16.0, 0.0, -55.0
411 -16.0, 0.0, -55.0
412 -16.0, 0.0, -55.0
413 -16.0, 0.0, -55.0
414 -16.0, 0.0, -55.0
415 -16.0, 0.0, -55.0
416 -16.0, 0.0, -55.0
417 -16.0, 0.0, -55.0
418 -16.0, 0.0, -55.0
419 -16.0, 0.0, -55.0
420 -16.0, 0.0, -55.0
421 -16.0, 0.0, -55.0
422 -16.0, 0.0, -55.0
423 -16.0, 0.0, -55.0
424 -16.0, 0.0, -55.0
425 -16.0, 0.0, -55.0
426 -16.0, 0.0, -55.0
427 -16.0, 0.0, -55.0
428 -16.0, 0.0, -55.0
429 -16.0, 0.0, -55.0
430 -16.0, 0.0, -55.0
431 -16.0, 0.0, -55.0
432 -16.0, 0.0, -55.0
433 -16.0, 0.0, -55.0
434 -16.0, 0.0, -55.0
435 -16.0, 0.0, -55.0
436 -16.0, 0.0, -55.0
437 -16.0, 0.0, -55.0
438 -16.0, 0.0, -55.0
439 -16.0, 0.0, -55.0
440 -16.0, 0.0, -55.0
441 -16.0, 0.0, -55.0
442 -16.0, 0.0, -55.0
443 -16.0, 0.0, -55.0
444 -16.0, 0.0, -55.0
445 -16.0, 0.0, -55.0
446 -16.0, 0.0, -55.0
447 -16.0, 0.0, -55.0
448 -16.0, 0.0, -55.0
450 -16.0, 0.0, -55.0
451 -16.0, 0.0, -55.0
452 -16.0, 0.0, -55.0
453 -16.0, 0.0, -55.0
454 -16.0, 0.0, -55.0
455 -16.0, 0.0, -55.0
456 -16.0, 0.0, -55.0
457 -16.0, 0.0, -55.0
458 -16.0, 0.0, -55.0
459 -16.0, 0.0, -55.0
460 -16.0, 0.0, -55.0
461 -16.0, 0.0, -55.0
462 -16.0, 0.0, -55.0
463 -16.0, 0.0, -55.0
464 -16.0, 0.0, -55.0
465 -16.0, 0.0, -55.0
466 -16.0, 0.0, -55.0
467 -16.0, 0.0, -55.0
468 -16.0, 0.0, -55.0
469 -16.0, 0.0, -55.0
470 -16.0, 0.0, -55.0
471 -16.0, 0.0, -55.0
472 -16.0, 0.0, -55.0
473 -16.0, 0.0, -55.0
474 -16.0, 0.0, -55.0
475 -16.0, 0.0, -55.0
476 -16.0, 0.0, -55.0
477 -16.0, 0.0, -55.0
478 -16.0, 0.0, -55.0
479 -16.0, 0.0, -55.0
480 -16.0, 0.0, -55.0
481 -16.0, 0.0, -55.0
482 -16.0, 0.0, -55.0
483 -16.0, 0.0, -55.0
484 -16.0, 0.0, -55.0
485 -16.0, 0.0, -55.0
486 -16.0, 0.0, -55.0
487 -16.0, 0.0, -55.0
488 -16.0, 0.0, -55.0
489 -16.0, 0.0, -55.0
490 -16.0, 0.0, -55.0
491 -16.0, 0.0, -55.0
492 -16.0, 0.0, -55.0
493 -16.0, 0.0, -55.0
494 -16.0, 0.0, -55.0
495 -16.0, 0.0, -55.0
496 -16.0, 0.0, -55.0
497 -16.0, 0.0, -55.0
498 -16.0, 0.0, -55.0
499 -16.0, 0.0, -55.0
500 -16.0, 0.0, -55.0
501 -16.0, 0.0, -55.0
502 -16.0, 0.0, -55.0
503 -16.0, 0.0, -55.0
504 -16.0, 0.0, -55.0
505 -16.0, 0.0, -55.0
506 -16.0, 0.0, -55.0
507 -16.0, 0.0, -55.0
508 -16.0, 0.0, -55.0
509 -16.0, 0.0, -55.0
510 -16.0, 0.0, -55.0
511 -16.0, 0.0, -55.0
512 -16.0, 0.0, -55.0
513 -16.0, 0.0, -55.0
514 -16.0, 0.0, -55.0
515 -16.0, 0.0, -55.0
516 -16.0, 0.0, -55.0
517 -16.0, 0.0, -55.0
518 -16.0, 0.0, -55.0
519 -16.0, 0.0, -55.0
520 -16.0, 0.0, -55.0
521 -16.0, 0.0, -55.0
522 -16.0, 0.0, -55.0
523 -16.0, 0.0, -55.0
524 -16.0, 0.0, -55.0
525 -16.0, 0.0, -55.0
526 -16.0, 0.0, -55.0
527 -16.0, 0.0, -55.0
528 -16.0, 0.0, -55.0
529 -16.0, 0.0, -55.0
530 -16.0, 0.0, -55.0
531 -16.0, 0.0, -55.0
532 -16.0, 0.0, -55.0
533 -16.0, 0.0, -55.0
534 -16.0, 0.0, -55.0
535 -16.0, 0.0, -55.0
536 -16.0, 0.0, -55.0
539 -16.0, 0.0, -55.0
540 -16.0, 0.0, -55.0
541 -16.0, 0.0, -55.0
542 -16.0, 0.0, -55.0
543 -16.0, 0.0, -55.0
544 -16.0, 0.0, -55.0
545 -16.0, 0.0, -55.0
546 -16.0, 0.0, -55.0
547 -16.0, 0.0, -55.0
548 -16.0, 0.0, -55.0
549 -16.0, 0.0, -55.0
550 -16.0, 0.0, -55.0
551 -16.0, 0.0, -55.0
552 -16.0, 0.0, -55.0
553 -16.0, 0.0, -55.0
554 -16.0, 0.0, -55.0
555 -16.0, 0.0, -55.0
556 -16.0, 0.0, -55.0
557 -16.0, 0.0, -55.0
558 -16.0, 0.0, -55.0
559 -16.0, 0.0, -55.0
560 -16.0, 0.0, -55.0
561 -16.0, 0.0, -55.0
562 -16.0, 0.0, -55.0
563 -16.0, 0.0, -55.0
564 -16.0, 0.0, -55.0
565 -16.0, 0.0, -55.0
566 -16.0, 0.0, -55.0
567 -16.0, 0.0, -55.0
568 -16.0, 0.0, -55.0
571 -16.0, 0.0, -55.0
572 -16.0, 0.0, -55.0
573 -16.0, 0.0, -55.0
574 -16.0, 0.0, -55.0
575 -16.0, 0.0, -55.0
576 -16.0, 0.0, -55.0
577 -16.0, 0.0, -55.0
578 -16.0, 0.0, -55.0
579 -16.0, 0.0, -55.0
580 -16.0, 0.0, -55.0
581 -16.0, 0.0, -55.0
582 -16.0, 0.0, -55.0
583 -16.0, 0.0, -55.0
584 -16.0, 0.0, -55.0
585 -16.0, 0.0, -55.0
586 -16.0, 0.0, -55.0
587 -16.0, 0.0, -55.0
588 -16.0, 0.0, -55.0
589 -16.0, 0.0, -55.0
590 -16.0, 0.0, -55.0
591 -16.0, 0.0, -55.0
592 -16.0, 0.0, -55.0
593 -16.0, 0.0, -55.0
594 -16.0, 0.0, -55.0
595 -16.0, 0.0, -55.0
596 -16.0, 0.0, -55.0
597 -16.0, 0.0, -55.0
598 -16.0, 0.0, -55.0
599 -16.0, 0.0, -55.0
600 -16.0, 0.0, -55.0
601 -16.0, 0.0, -55.0
602 -16.0, 0.0, -55.0
603 -16.0, 0.0, -55.0
604 -16.0, 0.0, -55.0
605 -16.0, 0.0, -55.0
609 -16.0, 0.0, -55.0