581 -16.0, 0.0, -55.0
521 -16.0, 0.0, -55.0
522 -16.0, 0.0, -55.0
461 -16.0, 0.0, -55.0
463 -16.0, 0.0, -55.0
468 -16.0, 0.0, -55.0
586 -16.0, 0.0, -55.0
471 -16.0, 0.0, -55.0
480 -16.0, 0.0, -55.0
533 -16.0, 0.0, -55.0
539 -16.0, 0.0, -55.0
555 -16.0, 0.0, -55.0
422 -16.0, 0.0, -55.0
600 -16.0, 0.0, -55.0
543 -16.0, 0.0, -55.0
554 -16.0, 0.0, -55.0
536 -16.0, 0.0, -55.0
575 -16.0, 0.0, -55.0 
534 -16.0, 0.0, -55.0
567 -16.0, 0.0, -55.0
535 -16.0, 0.0, -55.0
566 -16.0, 0.0, -55.0
576 -16.0, 0.0, -55.0
412 -16.0, 0.0, -55.0
568 -16.0, 0.0, -55.0
424 -16.0, 0.0, -55.0
573 -16.0, 0.0, -55.0
579 -16.0, 0.0, -55.0
400 -16.0, 0.0, -55.0
500 -16.0, 0.0, -55.0
444 -16.0, 0.0, -55.0
556 -16.0, 0.0, -55.0
557 -16.0, 0.0, -55.0
470 -16.0, 0.0, -55.0
489 -16.0, 0.0, -55.0
505 -16.0, 0.0, -55.0
495 -16.0, 0.0, -55.0
445 -16.0, 0.0, -55.0
504 -16.0, 0.0, -55.0
401 -16.0, 0.0, -55.0
518 -16.0, 0.0, -55.0
527 -16.0, 0.0, -55.0
542 -16.0, 0.0, -55.0
507 -16.0, 0.0, -55.0
562 -16.0, 0.0, -55.0
585 -16.0, 0.0, -55.0
419 -16.0, 0.0, -55.0
526 -16.0, 0.0, -55.0
466 -16.0, 0.0, -55.0
492 -16.0, 0.0, -55.0
474 -16.0, 0.0, -55.0
546 -16.0, 0.0, -55.0
517 -16.0, 0.0, -55.0
410 -16.0, 0.0, -55.0
551 -16.0, 0.0, -55.0
516 -16.0, 0.0, -55.0
467 -16.0, 0.0, -55.0
426 -16.0, 0.0, -55.0
547 -16.0, 0.0, -55.0
405 -16.0, 0.0, -55.0
580 -16.0, 0.0, -55.0
560 -16.0, 0.0, -55.0
550 -16.0, 0.0, -55.0
549 -16.0, 0.0, -55.0
540 -16.0, 0.0, -55.0
491 -16.0, 0.0, -55.0
529 -16.0, 0.0, -55.0
421 -16.0, 0.0, -55.0
602 -16.0, 0.0, -55.0
429 -16.0, 0.0, -55.0
496 -16.0, 0.0, -55.0
402 -16.0, 0.0, -55.0
541 -16.0, 0.0, -55.0
415 -16.0, 0.0, -55.0
589 -16.0, 0.0, -55.0
587 -16.0, 0.0, -55.0
565 -16.0, 0.0, -55.0
494 -16.0, 0.0, -55.0
502 -16.0, 0.0, -55.0
503 -16.0, 0.0, -55.0
411 -16.0, 0.0, -55.0
559 -16.0, 0.0, -55.0
603 -16.0, 0.0, -55.0
475 -16.0, 0.0, -55.0
506 -16.0, 0.0, -55.0
451 -16.0, 0.0, -55.0
558 -16.0, 0.0, -55.0
477 -16.0, 0.0, -55.0
404 -16.0, 0.0, -55.0
479 -16.0, 0.0, -55.0
458 -16.0, 0.0, -55.0
561 -16.0, 0.0, -55.0
434 -16.0, 0.0, -55.0
483 -16.0, 0.0, -55.0
539 -16.0, 0.0, -55.0
545 -16.0, 0.0, -55.0
571 -16.0, 0.0, -55.0